[bg_help_mobile.jpg]
filters=finetune2=1,0.000000,0.000000,0.480000,00000000,0.000000;ansel=1,ff4019ff;
moddate=3a57eb2cff90d201
width=510
height=4000
textactive=0
